These are the points for all three elements and the total over the given input time and delta t 
 
 
Data for Na using numerical

[1.00000000e+02 8.52553191e+01 7.26846944e+01 6.19675682e+01
 5.28306480e+01 4.50409376e+01 3.83997951e+01 3.27378679e+01
 2.79107737e+01 2.37954192e+01 2.02868606e+01 1.72956277e+01
 1.47454426e+01 1.25712742e+01 1.07176799e+01 9.13739222e+00
 7.79011290e+00 6.64148562e+00 5.66221976e+00 4.82734353e+00
 4.11556713e+00 3.50873989e+00 2.99138739e+00 2.55031687e+00
 2.17428079e+00 1.85369002e+00 1.58036934e+00 1.34734893e+00
 1.14868663e+00 9.79316452e-01 8.34919366e-01 7.11813171e-01
 6.06858590e-01 5.17379228e-01 4.41093312e-01 3.76055511e-01
 3.20607326e-01 2.73334799e-01 2.33032455e-01 1.98672563e-01
 1.69378928e-01 1.44404546e-01 1.23112556e-01 1.04960003e-01
 8.94839853e-02 7.62898573e-02 6.50411613e-02 5.54510496e-02
 4.72749693e-02 4.03044260e-02 3.43616670e-02 2.92951489e-02
 2.49756727e-02 2.12930894e-02 1.81534914e-02 1.54768170e-02
 1.31948097e-02 1.12492771e-02 9.59060713e-03 8.17650272e-03
 6.97090349e-03 5.94306601e-03 5.06677990e-03 4.31969937e-03
 3.68277349e-03 3.13976029e-03 2.67681265e-03 2.28212517e-03
 1.94563310e-03 1.65875571e-03 1.41417747e-03 1.20566152e-03
 1.02789057e-03 8.76331390e-04 7.47119123e-04 6.36958793e-04
 5.43041252e-04 4.62971552e-04 3.94707875e-04 3.36509458e-04
 2.86892212e-04 2.44590871e-04 2.08526728e-04 1.77780127e-04
 1.51567015e-04 1.29218942e-04 1.10166022e-04 9.39223934e-05
 8.00738363e-05 6.82672047e-05 5.82014232e-05 4.96198091e-05
 4.23035266e-05 3.60660066e-05 3.07481891e-05 2.62144667e-05
 2.23492273e-05 1.90539050e-05 1.62444675e-05 1.38492726e-05
 1.18072416e-05 1.00663015e-05 8.58205747e-06 7.31666049e-06
 6.23784225e-06 5.31809232e-06 4.53395658e-06 3.86543915e-06
 3.29549249e-06 2.80958264e-06 2.39531864e-06 2.04213655e-06
 1.74103004e-06 1.48432071e-06 1.26546236e-06 1.07887398e-06
 9.19797451e-07 7.84176252e-07 6.68551967e-07 5.69976113e-07]

Data for Nb using numerical

[ 0.         14.74468085 26.85294974 36.7280355  44.71325754 51.10087353
 56.13962212 60.04115306 62.98550878 65.12579733 66.59217597 67.49524692
 67.92895212 67.97304077 67.69517271 67.15271132 66.39425178 65.46092357
 64.38750074 63.2033481  61.93322765 60.59798581 59.21513902 57.79937283
 56.36296705 54.91615798 53.4674471  52.02386386 50.59118961 49.17414828
 47.77656868 46.40152274 45.05144315 43.72822341 42.43330304 41.16773999
 39.93227216 38.72736982 37.55327998 36.41006417 35.29763045 34.21576058
 33.16413302 32.1423424  31.14991601 30.1863277  29.25100965 28.34336222
 27.46276228 26.60857019 25.78013561 24.9768024  24.19791264 23.44281
 22.71084248 22.00136468 21.31373964 20.64734031 20.00155071 19.37576686
 18.76939751 18.1818646  17.61260369 17.06106414 16.52670933 16.00901662
 15.50747737 15.02159686 14.55089414 14.09490185 13.65316602 13.22524585
 12.81071342 12.40915347 12.02016307 11.64335137 11.2783393  10.92475922
 10.58225472 10.25048023  9.92910076  9.61779162  9.31623811  9.02413524
  8.74118743  8.46710829  8.20162029  7.9444545   7.69535039  7.4540555
  7.22032528  6.99392275  6.77461837  6.56218975  6.35642142  6.15710469
  5.96403735  5.77702355  5.59587354  5.42040352  5.25043544  5.08579683
  4.92632061  4.77184495  4.62221306  4.47727309  4.33687794  4.2008851
  4.06915656  3.94155861  3.81796173  3.69824048  3.58227333  3.46994257
  3.36113418  3.25573772  3.15364619  3.05475598  2.95896668  2.86618109]

Data for Nc using numerical

[ 0.          0.          0.46235583  1.30439629  2.45609442  3.85818887
  5.46058278  7.22097908  9.10371749 11.07878345 13.12096343 15.20912533
 17.32560524 19.45568505 21.58714737 23.70989645 25.81563532 27.89759082
 29.9502795  31.96930837 33.95120522 35.8932743  37.79347358 39.6503103
 41.46275217 43.230152   44.95218356 46.62878721 48.26012376 49.84653527
 51.38851196 52.88666409 54.34169826 55.75439736 57.12560364 58.4562045
 59.74712051 60.99929538 62.21368757 63.39126327 64.53299062 65.63983487
 66.71275442 67.7526976  68.76060001 69.73738244 70.68394919 71.60118673
 72.48996275 73.35112539 74.18550272 74.99390245 75.77711168 76.53589691
 77.27100403 77.9831585  78.67306555 79.34141041 79.98885869 80.61605663
 81.22363159 81.81219233 82.38232953 82.93461616 83.4696079  83.98784362
 84.48984582 84.97612101 85.44716023 85.9034394  86.3454198  86.77354849
 87.18825869 87.5899702  87.97908981 88.35601167 88.72111766 89.0747778
 89.41735057 89.74918326 90.07061235 90.38196379 90.68355336 90.97568698
 91.258661   91.53276249 91.79826955 92.05545158 92.30456954 92.54587623
 92.77961652 93.00602763 93.22533932 93.43777419 93.64354783 93.8428691
 94.0359403  94.2229574  94.40411022 94.57958263 94.74955275 94.9141931
 95.07367081 95.22814774 95.3777807  95.52272159 95.66311753 95.79911103
 95.93084015 96.05843858 96.18203587 96.30175748 96.41772493 96.53005594
 96.63886455 96.7442612  96.84635289 96.94524324 97.04103265 97.13381834]

Data for total

[100. 100. 100. 100. 100. 100. 100. 100. 100. 100. 100. 100. 100. 100.
 100. 100. 100. 100. 100. 100. 100. 100. 100. 100. 100. 100. 100. 100.
 100. 100. 100. 100. 100. 100. 100. 100. 100. 100. 100. 100. 100. 100.
 100. 100. 100. 100. 100. 100. 100. 100. 100. 100. 100. 100. 100. 100.
 100. 100. 100. 100. 100. 100. 100. 100. 100. 100. 100. 100. 100. 100.
 100. 100. 100. 100. 100. 100. 100. 100. 100. 100. 100. 100. 100. 100.
 100. 100. 100. 100. 100. 100. 100. 100. 100. 100. 100. 100. 100. 100.
 100. 100. 100. 100. 100. 100. 100. 100. 100. 100. 100. 100. 100. 100.
 100. 100. 100. 100. 100. 100. 100. 100.]



Data for Nb with interval of 0.5

[ 0.         14.74468085 26.85294974 36.7280355  44.71325754 51.10087353
 56.13962212 60.04115306 62.98550878 65.12579733 66.59217597 67.49524692
 67.92895212 67.97304077 67.69517271 67.15271132 66.39425178 65.46092357
 64.38750074 63.2033481  61.93322765 60.59798581 59.21513902 57.79937283
 56.36296705 54.91615798 53.4674471  52.02386386 50.59118961 49.17414828
 47.77656868 46.40152274 45.05144315 43.72822341 42.43330304 41.16773999
 39.93227216 38.72736982 37.55327998 36.41006417 35.29763045 34.21576058
 33.16413302 32.1423424  31.14991601 30.1863277  29.25100965 28.34336222
 27.46276228 26.60857019 25.78013561 24.9768024  24.19791264 23.44281
 22.71084248 22.00136468 21.31373964 20.64734031 20.00155071 19.37576686
 18.76939751 18.1818646  17.61260369 17.06106414 16.52670933 16.00901662
 15.50747737 15.02159686 14.55089414 14.09490185 13.65316602 13.22524585
 12.81071342 12.40915347 12.02016307 11.64335137 11.2783393  10.92475922
 10.58225472 10.25048023  9.92910076  9.61779162  9.31623811  9.02413524
  8.74118743  8.46710829  8.20162029  7.9444545   7.69535039  7.4540555
  7.22032528  6.99392275  6.77461837  6.56218975  6.35642142  6.15710469
  5.96403735  5.77702355  5.59587354  5.42040352  5.25043544  5.08579683
  4.92632061  4.77184495  4.62221306  4.47727309  4.33687794  4.2008851
  4.06915656  3.94155861  3.81796173  3.69824048  3.58227333  3.46994257
  3.36113418  3.25573772  3.15364619  3.05475598  2.95896668  2.86618109]

Data for Nb with interval of 0.25

[ 0.          7.37234043 14.08557786 20.19011591 25.73261384 30.75626306
 35.30104324 39.40395952 43.09926221 46.41865031 49.39146003 52.04483938
 54.40390987 56.49191633 58.33036563 59.93915522 61.33669213 62.5400032
 63.56483724 64.4257596  65.13623972 65.70873234 66.1547526  66.48494565
 66.70915115 66.83646294 66.87528437 66.83337952 66.7179206  66.53553195
 66.29233069 65.99396441 65.6456461  65.25218646 64.81802383 64.34725195
 63.8436456  63.31068442 62.7515749  62.16927081 61.56649206 60.9457422
 60.30932464 59.65935763 58.99778813 58.32640474 57.64684952 56.96062911
 56.26912488 55.57360241 54.87522024 54.17503798 53.47402381 52.77306145
 52.07295656 51.3744427  50.6781869  49.98479466 49.29481479 48.60874369
 47.92702945 47.25007557 46.57824447 45.91186064 45.25121363 44.59656084
 43.94813001 43.30612157 42.67071088 42.04205017 41.42027043 40.80548317
 40.19778194 39.59724387 39.00393099 38.41789151 37.83916098 37.26776335
 36.70371199 36.14701062 35.5976541  35.05562927 34.52091567 33.99348616
 33.47330762 32.96034143 32.45454407 31.95586756 31.46425993 30.97966561
 30.50202586 30.03127904 29.56736102 29.11020543 28.65974391 28.21590644
 27.77862148 27.34781627 26.92341694 26.50534876 26.09353627 25.68790345
 25.28837382 24.89487061 24.50731686 24.12563553 23.74974956 23.37958204
 23.0150562  22.65609553 22.30262385 21.95456535 21.61184465 21.27438686
 20.94211761 20.61496311 20.29285013 19.97570613 19.66345918 19.35603807
 19.05337228 18.75539201 18.46202822 18.17321261 17.88887768 17.60895667
 17.33338362 17.06209339 16.79502161 16.53210472 16.27327997 16.01848541
 15.76765993 15.52074317 15.27767563 15.03839858 14.8028541  14.57098508
 14.34273518 14.11804885 13.89687135 13.67914868 13.46482764 13.25385577
 13.04618138 12.84175353 12.64052202 12.44243739 12.24745091 12.05551455
 11.866581   11.68060368 11.49753667 11.31733475 11.13995339 10.96534871
 10.79347751 10.62429723 10.45776596 10.29384242 10.13248598  9.9736566
  9.81731487  9.66342199  9.51193972  9.36283044  9.2160571   9.07158322
  8.92937286  8.78939066  8.6516018   8.515972    8.38246749  8.25105505
  8.12170195  7.99437599  7.86904545  7.74567912  7.62424625  7.50471659
  7.38706035  7.2712482   7.15725128  7.04504117  6.9345899   6.82586991
  6.7188541   6.61351578  6.50982868  6.40776694  6.30730508  6.20841807
  6.11108121  6.01527023  5.92096123  5.82813066  5.73675536  5.64681254
  5.55827974  5.47113487  5.38535618  5.30092226  5.21781204  5.13600477
  5.05548003  4.97621772  4.89819805  4.82140155  4.74580904  4.67140166
  4.59816082  4.52606825  4.45510594  4.38525618  4.31650153  4.24882482
  4.18220915  4.11663789  4.05209467  3.98856337  3.92602814  3.86447334
  3.80388363  3.74424386  3.68553914  3.62775482  3.57087646  3.51488986
  3.45978105  3.40553626  3.35214195  3.29958477  3.24785162  3.19692956
  3.14680589  3.09746808  3.04890382  3.00110097  2.95404761  2.90773197]

Data for Nb with interval of 0.125

[ 0.          3.68617021  7.20756468 10.57048385 13.78099415 16.84493663
 19.76793528 22.55540504 25.21255954 27.74441851 30.15581494 32.451402
 34.63565967 36.71290113 38.68727893 40.56279091 42.34328595 44.03246943
 45.63390856 47.15103748 48.58716218 49.94546523 51.22901032 52.44074672
 53.58351344 54.66004334 55.67296704 56.62481673 57.51802977 58.35495222
 59.13784222 59.86887323 60.55013717 61.18364743 61.77134179 62.3150852
 62.81667249 63.27783094 63.70022284 64.08544782 64.43504523 64.75049633
 65.03322649 65.2846072  65.50595811 65.69854895 65.86360137 66.00229069
 66.1157477  66.20506021 66.27127473 66.31539796 66.33839827 66.34120711
 66.32472044 66.28979995 66.23727444 66.16794095 66.082566   65.98188669
 65.86661182 65.73742291 65.59497526 65.43989886 65.27279941 65.09425916
 64.90483781 64.70507336 64.49548288 64.27656334 64.04879233 63.81262877
 63.56851364 63.31687063 63.05810678 62.79261313 62.52076528 62.24292398
 61.95943571 61.67063319 61.37683588 61.07835051 60.77547154 60.46848164
 60.15765207 59.8432432  59.52550484 59.20467668 58.88098865 58.55466131
 58.22590616 57.89492605 57.56191541 57.22706068 56.8905405  56.5525261
 56.2131815  55.87266385 55.53112365 55.188705   54.84554587 54.5017783
 54.15752867 53.81291785 53.46806148 53.1230701  52.77804942 52.43310042
 52.08831962 51.74379917 51.39962706 51.05588729 50.71265997 50.37002155
 50.02804487 49.68679936 49.34635117 49.00676327 48.66809557 48.33040508
 47.99374598 47.65816975 47.32372527 46.99045892 46.65841468 46.32763422
 45.99815702 45.67002038 45.34325961 45.01790802 44.69399705 44.3715563
 44.05061368 43.73119537 43.41332599 43.09702861 42.78232481 42.46923475
 42.15777723 41.84796977 41.5398286  41.23336876 40.92860413 40.62554751
 40.32421061 40.02460412 39.72673778 39.43062038 39.13625981 38.84366312
 38.55283651 38.26378541 37.97651451 37.69102774 37.40732837 37.125419
 36.84530159 36.56697751 36.29044754 36.0157119  35.74277031 35.47162195
 35.20226554 34.93469933 34.66892113 34.40492833 34.14271794 33.88228655
 33.62363043 33.36674546 33.11162723 32.85827098 32.60667169 32.35682401
 32.10872237 31.86236091 31.61773353 31.37483392 31.13365552 30.8941916
 30.65643521 30.42037921 30.1860163  29.95333901 29.72233973 29.49301066
 29.26534392 29.03933146 28.81496512 28.59223663 28.37113762 28.15165959
 27.933794   27.71753218 27.50286539 27.28978484 27.07828165 26.86834689
 26.65997155 26.45314661 26.24786296 26.04411149 25.84188301 25.64116834
 25.44195823 25.24424344 25.04801469 24.85326269 24.65997812 24.46815167
 24.27777402 24.08883583 23.90132777 23.71524052 23.53056474 23.34729111
 23.16541033 22.98491309 22.80579011 22.62803211 22.45162984 22.27657406
 22.10285556 21.93046515 21.75939366 21.58963195 21.4211709  21.25400144
 21.0881145  20.92350107 20.76015215 20.59805879 20.43721206 20.27760308
 20.11922301 19.96206302 19.80611436 19.65136828 19.49781609 19.34544916
 19.19425885 19.04423661 18.89537392 18.74766229 18.60109328 18.45565851
 18.31134963 18.16815833 18.02607636 17.88509551 17.74520762 17.60640457
 17.46867828 17.33202075 17.19642398 17.06188006 16.92838111 16.79591929
 16.66448682 16.53407596 16.40467903 16.2762884  16.14889646 16.02249568
 15.89707856 15.77263766 15.64916559 15.526655   15.40509858 15.28448909
 15.16481932 15.04608213 14.9282704  14.81137708 14.69539515 14.58031767
 14.46613771 14.3528484  14.24044293 14.12891453 14.01825648 13.90846209
 13.79952474 13.69143784 13.58419486 13.47778931 13.37221474 13.26746476
 13.16353302 13.0604132  12.95809906 12.85658436 12.75586295 12.6559287
 12.55677552 12.45839738 12.36078828 12.26394229 12.16785348 12.07251601
 11.97792405 11.88407183 11.79095362 11.69856372 11.60689649 11.51594631
 11.42570764 11.33617494 11.24734273 11.15920558 11.07175808 10.98499487
 10.89891064 10.81350011 10.72875803 10.64467922 10.5612585  10.47849075
 10.39637091 10.31489391 10.23405476 10.15384848 10.07427015  9.99531488
  9.9169778   9.83925411  9.76213901  9.68562777  9.60971568  9.53439805
  9.45967027  9.38552771  9.31196583  9.23898008  9.16656597  9.09471904
  9.02343486  8.95270904  8.88253721  8.81291505  8.74383827  8.67530261
  8.60730383  8.53983775  8.4729002   8.40648706  8.34059422  8.27521762
  8.21035322  8.14599701  8.08214504  8.01879335  7.95593802  7.89357519
  7.831701    7.77031163  7.70940328  7.64897219  7.58901463  7.5295269
  7.47050532  7.41194624  7.35384604  7.29620114  7.23900796  7.18226298
  7.12596269  7.07010361  7.01468228  6.95969528  6.90513921  6.85101069
  6.79730638  6.74402296  6.69115713  6.63870562  6.58666519  6.53503262
  6.48380472  6.43297831  6.38255026  6.33251745  6.28287677  6.23362516
  6.18475958  6.13627699  6.0881744   6.04044883  5.99309733  5.94611698
  5.89950485  5.85325807  5.80737378  5.76184914  5.71668133  5.67186755
  5.62740503  5.58329102  5.53952278  5.49609762  5.45301284  5.41026578
  5.36785378  5.32577423  5.28402452  5.24260206  5.2015043   5.16072868
  5.12027268  5.0801338   5.04030956  5.00079748  4.96159512  4.92270006
  4.88410989  4.84582221  4.80783466  4.77014489  4.73275056  4.69564935
  4.65883897  4.62231715  4.58608161  4.55013012  4.51446044  4.47907038
  4.44395774  4.40912034  4.37455603  4.34026267  4.30623813  4.2724803
  4.23898711  4.20575647  4.17278632  4.14007463  4.10761936  4.07541851
  4.04347009  4.01177211  3.98032261  3.94911965  3.91816129  3.88744561
  3.85697072  3.82673472  3.79673575  3.76697194  3.73744146  3.70814247
  3.67907315  3.65023172  3.62161638  3.59322535  3.56505689  3.53710925
  3.5093807   3.48186951  3.45457399  3.42749244  3.40062319  3.37396457
  3.34751494  3.32127265  3.29523608  3.26940362  3.24377366  3.21834462
  3.19311493  3.16808302  3.14324733  3.11860635  3.09415852  3.06990236
  3.04583634  3.02195898  2.9982688   2.97476433  2.95144413  2.92830673]

